{
  "channel": "market_lpusdt_ticker",
  "tick": {
    "amount": 990157.50162109,
    "vol": 7501745.00718171,
    "high": 0.133,
    "low": 0.125,
    "rose": 0.0393391,
    "close": 0.1321,
    "open": 0.1271
  },
  "ts": 1535603605188
}